SetDesc: "LO QCD + LO QED PDF set, alphas(MZ)=0.130. mem=0 => average on replicas; mem=1-100 => PDF replicas"
SetIndex: 247000
Authors: NNPDF Collaboration. R.D. Ball, V. Bertone, S. Carrazza, L. Del Debbio, S. Forte, A. Guffanti, N.P. Hartland, J. Rojo
Reference:
Format: lhagrid1
DataVersion: 1
NumMembers: 101
Particle: 2212
Flavors: [-6, -5, -4, -3, -2, -1, 1, 2, 3, 4, 5, 6, 21, 22]
OrderQCD: 0
FlavorScheme: variable
NumFlavors: 6
ErrorType: replicas
XMin: 1e-09
XMax: 1
QMin: 1
QMax: 10000
MZ: 91.1876
MUp: 0
MDown: 0
MStrange: 0
MCharm: 1.41421
MBottom: 4.75
MTop: 175
AlphaS_MZ: 0.130003
AlphaS_OrderQCD: 0
AlphaS_Type: ipol
AlphaS_Qs: [1.000000e+00, 1.206793e+00, 1.456348e+00, 1.757511e+00, 2.120951e+00, 2.559548e+00, 3.088844e+00, 3.727594e+00, 4.498433e+00, 5.428675e+00, 6.551286e+00, 7.906043e+00, 9.540955e+00, 1.151395e+01, 1.389495e+01, 1.676833e+01, 2.023590e+01, 2.442053e+01, 2.947052e+01, 3.556480e+01, 4.291934e+01, 5.179475e+01, 6.250552e+01, 7.543120e+01, 9.102982e+01, 9.118760e+01, 1.098541e+02, 1.325711e+02, 1.599859e+02, 1.930698e+02, 2.329952e+02, 2.811769e+02, 3.393222e+02, 4.094915e+02, 4.941713e+02, 5.963623e+02, 7.196857e+02, 8.685114e+02, 1.048113e+03, 1.264855e+03, 1.526418e+03, 1.842070e+03, 2.222996e+03, 2.682696e+03, 3.237458e+03, 3.906940e+03, 4.714866e+03, 5.689866e+03, 6.866488e+03, 8.286428e+03, 1.000000e+04]
AlphaS_Vals: [5.041756e-01, 4.439162e-01, 3.970138e-01, 3.612584e-01, 3.314112e-01, 3.061195e-01, 2.844145e-01, 2.655836e-01, 2.490914e-01, 2.353097e-01, 2.232605e-01, 2.123852e-01, 2.025201e-01, 1.935309e-01, 1.853057e-01, 1.777511e-01, 1.707885e-01, 1.643507e-01, 1.583806e-01, 1.528290e-01, 1.476535e-01, 1.428170e-01, 1.382873e-01, 1.340361e-01, 1.300385e-01, 1.300028e-01, 1.262725e-01, 1.227184e-01, 1.193589e-01, 1.163194e-01, 1.135534e-01, 1.109159e-01, 1.083982e-01, 1.059922e-01, 1.036907e-01, 1.014870e-01, 9.937504e-02, 9.734919e-02, 9.540428e-02, 9.353557e-02, 9.173866e-02, 9.000948e-02, 8.834429e-02, 8.673959e-02, 8.519215e-02, 8.369895e-02, 8.225720e-02, 8.086427e-02, 7.951773e-02, 7.821530e-02, 7.695485e-02]
AlphaS_Lambda4: 0.276134
AlphaS_Lambda5: 0.165831
