      MDL_CABI = 2.275910D-01
      MDL_TH13 = 3.508000D-03
      MDL_TH23 = 4.153900D-02
      MDL_DEL13 = 1.200000D+00
      MDL_VEN1 = 1.000000D-03
      MDL_VEN2 = 0.000000D+00
      MDL_VEN3 = 0.000000D+00
      MDL_VMUN1 = 0.000000D+00
      MDL_VMUN2 = 1.000000D+00
      MDL_VMUN3 = 0.000000D+00
      MDL_VTAN1 = 0.000000D+00
      MDL_VTAN2 = 0.000000D+00
      MDL_VTAN3 = 1.000000D+00
      AEWM1 = 1.279400D+02
      MDL_GF = 1.174560D-05
      AS = 1.184000D-01
      MDL_YMDO = 5.040000D-03
      MDL_YMUP = 2.550000D-03
      MDL_YMS = 1.010000D-01
      MDL_YMC = 1.270000D+00
      MDL_YMB = 4.700000D+00
      MDL_YMT = 1.733000D+02
      MDL_YME = 5.110000D-04
      MDL_YMM = 1.056600D-01
      MDL_YMTAU = 1.777000D+00
      MDL_MZ = 9.118760D+01
      MDL_ME = 5.110000D-04
      MDL_MMU = 1.056600D-01
      MDL_MTA = 1.777000D+00
      MDL_MU = 2.550000D-03
      MDL_MC = 1.270000D+00
      MDL_MT = 1.733000D+02
      MDL_MD = 5.040000D-03
      MDL_MS = 1.010000D-01
      MDL_MB = 4.700000D+00
      MDL_MH = 1.257000D+02
      MDL_MN1 = 7.000000D+01
      MDL_MN2 = 1.000000D+04
      MDL_MN3 = 1.000000D+04
      MDL_WZ = 2.495200D+00
      MDL_WW = 2.085000D+00
      MDL_WT = 1.350000D+00
      MDL_WH = 4.170000D-03
      MDL_WN1 = 8.859989D-10
      MDL_WN2 = 1.500000D+00
      MDL_WN3 = 1.230000D+01
